# aux_probe_result_dr.json  ckpt=step_000221184000.pt  envs=96 steps=3000 dt=0.0333

## token counts
  ally_visible               n=   1,342,427  mean age=   0.000s  dead_frac=0.0000
  enemy_visible              n=     782,022  mean age=   0.000s  dead_frac=0.0000
  enemy_hidden               n=     560,372  mean age=   3.870s  dead_frac=0.0000
  ally_hidden                n=           0  mean age=   0.000s  dead_frac=0.0000
  ally_visible_anyalive      n=   1,343,995  mean age=   0.000s  dead_frac=0.0012
  enemy_visible_anyalive     n=     783,599  mean age=   0.000s  dead_frac=0.0020
  enemy_hidden_anyalive      n=     560,396  mean age=   3.870s  dead_frac=0.0000

## mean absolute error, by cell: head / identity / linear   (RMSE in parens)

### ally_visible   n=1,342,427
  feature                    head     identity       linear    head/id head/lin
  position (px)            0.2387        3.096      0.05914       0.08     4.04
    (rmse)                     40        3.405       0.1054
  velocity (px/s)            4.78        3.136        3.136       1.52     1.52
    (rmse)                  6.584        5.532        5.532
  speed (px/s)              4.531        1.121        1.121       4.04     4.04
    (rmse)                  6.473         2.31         2.31
  attitude (rad)         0.003697      0.05712       0.1101       0.06     0.03
    (rmse)                0.01047      0.09667       0.1719
  ang vel (rad/s)         0.04777        1.639        1.639       0.03     0.03
    (rmse)                 0.1394        3.151        3.151
  health (hp)               1.257       0.2793       0.2793       4.50     4.50
    (rmse)                  1.716        1.105        1.105
  power                    0.3313       0.4436       0.4436       0.75     0.75
    (rmse)                 0.5812       0.7413       0.7413
  cooldown (s)           0.009144     0.007928     0.007928       1.15     1.15
    (rmse)                0.02646      0.02208      0.02208
  shield delay (s)        0.03905      0.03331      0.03331       1.17     1.17
    (rmse)                 0.2553        0.255        0.255
  log index              0.006143      0.00228      0.00228       2.69     2.69
    (rmse)                0.01072      0.01386      0.01386

### enemy_visible   n=782,022
  feature                    head     identity       linear    head/id head/lin
  position (px)            0.2044        2.675      0.05223       0.08     3.91
    (rmse)                 0.3174        2.938      0.08577
  velocity (px/s)           4.692        2.834        2.834       1.66     1.66
    (rmse)                  8.007        4.598        4.598
  speed (px/s)              3.703         1.09         1.09       3.40     3.40
    (rmse)                  7.171        2.133        2.133
  attitude (rad)          0.06339      0.06686       0.1346       0.95     0.47
    (rmse)                0.09864       0.1093       0.1972
  ang vel (rad/s)           2.282        1.859        1.859       1.23     1.23
    (rmse)                    3.3        3.525        3.525
  health (hp)               1.266       0.3611       0.3611       3.51     3.51
    (rmse)                  1.919        1.419        1.419
  power                    0.6416       0.4932       0.4932       1.30     1.30
    (rmse)                  1.111       0.7641       0.7641
  cooldown (s)            0.01492      0.01253      0.01253       1.19     1.19
    (rmse)                0.03332      0.02766      0.02766
  shield delay (s)        0.05083      0.04344      0.04344       1.17     1.17
    (rmse)                 0.3228       0.3229       0.3229
  log index              0.008922     0.001793     0.001793       4.98     4.98
    (rmse)                0.01654       0.0114       0.0114

### enemy_hidden   n=560,372
  feature                    head     identity       linear    head/id head/lin
  position (px)             527.2        522.6        522.4       1.01     1.01
    (rmse)                  690.9        687.8        687.6
  velocity (px/s)           83.54        83.13        83.13       1.00     1.00
    (rmse)                   95.7        95.49        95.49
  speed (px/s)              64.03        63.62        63.62       1.01     1.01
    (rmse)                  78.29        78.04        78.04
  attitude (rad)           0.7764       0.7729       0.7824       1.00     0.99
    (rmse)                 0.9947        0.992        1.001
  ang vel (rad/s)           1.993        1.987        1.987       1.00     1.00
    (rmse)                  3.192        3.182        3.182
  health (hp)               3.315        3.218        3.218       1.03     1.03
    (rmse)                  5.758        5.649        5.649
  power                     7.755        7.821        7.821       0.99     0.99
    (rmse)                  11.33        11.47        11.47
  cooldown (s)           0.001689     0.001689     0.001689       1.00     1.00
    (rmse)               0.009133     0.009143     0.009143
  shield delay (s)         0.1706       0.1665       0.1665       1.02     1.02
    (rmse)                 0.4336         0.43         0.43
  log index                0.2773        0.276        0.276       1.00     1.00
    (rmse)                 0.3986       0.3983       0.3983

### ally_hidden   n=0
  feature                    head     identity       linear    head/id head/lin
  position (px)                 0            0            0        nan      nan
    (rmse)                      0            0            0
  velocity (px/s)               0            0            0        nan      nan
    (rmse)                      0            0            0
  speed (px/s)                  0            0            0        nan      nan
    (rmse)                      0            0            0
  attitude (rad)                0            0            0        nan      nan
    (rmse)                      0            0            0
  ang vel (rad/s)               0            0            0        nan      nan
    (rmse)                      0            0            0
  health (hp)                   0            0            0        nan      nan
    (rmse)                      0            0            0
  power                         0            0            0        nan      nan
    (rmse)                      0            0            0
  cooldown (s)                  0            0            0        nan      nan
    (rmse)                      0            0            0
  shield delay (s)              0            0            0        nan      nan
    (rmse)                      0            0            0
  log index                     0            0            0        nan      nan
    (rmse)                      0            0            0

### ally_visible_anyalive   n=1,343,995
  feature                    head     identity       linear    head/id head/lin
  position (px)             2.211        5.063         2.03       0.44     1.09
    (rmse)                  71.06        58.77         58.7
  velocity (px/s)           4.834        3.221        3.221       1.50     1.50
    (rmse)                  6.872        6.226        6.226
  speed (px/s)              4.553        1.173        1.173       3.88     3.88
    (rmse)                  6.556        2.998        2.998
  attitude (rad)          0.00525       0.0586       0.1116       0.09     0.05
    (rmse)                0.05574       0.1109       0.1805
  ang vel (rad/s)         0.05031         1.64         1.64       0.03     0.03
    (rmse)                 0.1809        3.153        3.153
  health (hp)               1.269       0.2965       0.2965       4.28     4.28
    (rmse)                  1.761        1.218        1.218
  power                    0.3631       0.4803       0.4803       0.76     0.76
    (rmse)                  1.156        1.362        1.362
  cooldown (s)           0.009134     0.007927     0.007927       1.15     1.15
    (rmse)                0.02644      0.02209      0.02209
  shield delay (s)        0.03936      0.03364      0.03364       1.17     1.17
    (rmse)                 0.2563       0.2561       0.2561
  log index               0.00676     0.002942     0.002942       2.30     2.30
    (rmse)                0.02745      0.03046      0.03046

### enemy_visible_anyalive   n=783,599
  feature                    head     identity       linear    head/id head/lin
  position (px)             3.547        6.012        3.396       0.59     1.04
    (rmse)                  75.88        75.91        75.89
  velocity (px/s)           4.773        2.983        2.983       1.60     1.60
    (rmse)                  8.331        5.986        5.986
  speed (px/s)              3.733         1.18         1.18       3.16     3.16
    (rmse)                  7.256        3.283        3.283
  attitude (rad)          0.06598      0.06944       0.1371       0.95     0.48
    (rmse)                 0.1222       0.1309       0.2103
  ang vel (rad/s)           2.278        1.861        1.861       1.22     1.22
    (rmse)                  3.297        3.527        3.527
  health (hp)               1.283       0.3905       0.3905       3.29     3.29
    (rmse)                  1.969         1.57         1.57
  power                    0.6911       0.5555       0.5555       1.24     1.24
    (rmse)                  1.644        1.672        1.672
  cooldown (s)            0.01489      0.01252      0.01252       1.19     1.19
    (rmse)                0.03329      0.02766      0.02766
  shield delay (s)        0.05133      0.04394      0.04394       1.17     1.17
    (rmse)                 0.3237        0.324        0.324
  log index              0.009951     0.002934     0.002934       3.39     3.39
    (rmse)                0.03434      0.03509      0.03509

### enemy_hidden_anyalive   n=560,396
  feature                    head     identity       linear    head/id head/lin
  position (px)             527.2        522.7        522.5       1.01     1.01
    (rmse)                    691        687.8        687.6
  velocity (px/s)           83.54        83.12        83.12       1.00     1.00
    (rmse)                   95.7        95.49        95.49
  speed (px/s)              64.03        63.62        63.62       1.01     1.01
    (rmse)                  78.29        78.03        78.03
  attitude (rad)           0.7764       0.7729       0.7824       1.00     0.99
    (rmse)                 0.9947       0.9921        1.001
  ang vel (rad/s)           1.993        1.987        1.987       1.00     1.00
    (rmse)                  3.192        3.182        3.182
  health (hp)               3.316        3.218        3.218       1.03     1.03
    (rmse)                  5.758         5.65         5.65
  power                     7.756        7.822        7.822       0.99     0.99
    (rmse)                  11.34        11.47        11.47
  cooldown (s)           0.001689     0.001689     0.001689       1.00     1.00
    (rmse)               0.009133     0.009142     0.009142
  shield delay (s)         0.1706       0.1665       0.1665       1.02     1.02
    (rmse)                 0.4337       0.4301       0.4301
  log index                0.2774        0.276        0.276       1.00     1.00
    (rmse)                 0.3987       0.3984       0.3984

## hidden-age buckets (mean abs error) — head | identity | linear

### enemy_hidden
  position: head|belief-carry|dead-reckon|frozen ; velocity/attitude: head|belief-carry|linear
  bucket              n                        position_px              velocity_px_s               attitude_rad
  0_0.1          16,380     6.63     2.56    0.274     5.98     13.3     8.94     8.94    0.115    0.112    0.116
  0.1_0.5        61,590      445      399     4.77     22.9     37.5       36       36    0.364    0.347    0.362
  0.5_1          52,960      519      524     25.6     62.8     67.8     67.3     67.3    0.707    0.696    0.715
  1_2            85,730      450      451     79.9      138     88.9     88.8     88.8    0.867    0.863    0.874
  2_5           171,175      493      493      254      351     95.3     95.3     95.3    0.903    0.903    0.907
  5_10          138,241      657      658      587      760     96.8     96.7     96.7    0.837    0.838    0.846
  10_30          34,296      775      776      863 1.13e+03     98.5     98.5     98.5    0.838    0.838    0.852

### ally_hidden
  position: head|belief-carry|dead-reckon|frozen ; velocity/attitude: head|belief-carry|linear
  bucket              n                        position_px              velocity_px_s               attitude_rad

### enemy_hidden_anyalive
  position: head|belief-carry|dead-reckon|frozen ; velocity/attitude: head|belief-carry|linear
  bucket              n                        position_px              velocity_px_s               attitude_rad

## target-space per-dimension MSE (scaled label space): head / identity / linear / label^2

### ally_visible
  dim                        head   identity     linear    label^2    sigma^2
  position_x_0            0.01425  2.534e-08  2.666e-11      0.505          0
  position_x_1            0.01415  1.149e-07  1.054e-10     0.4806          0
  position_x_2            0.01286  3.901e-07  3.989e-10     0.5535          0
  position_x_3            0.01209  1.651e-06  1.577e-09     0.4784          0
  position_x_4            0.01148    6.1e-06   5.79e-09     0.5398          0
  position_x_5             0.0106  2.628e-05  2.515e-08     0.4993          0
  position_x_6            0.01029  0.0001062  1.045e-07     0.4944          0
  position_x_7            0.01027  0.0004223  4.113e-07     0.4977          0
  position_x_8           0.009847   0.001687  1.664e-06     0.4994          0
  position_x_9          0.0001351   0.006739  6.677e-06      0.498  0.0007649
  position_x_10           0.01247  2.623e-08  2.398e-11      0.495          0
  position_x_11             0.014   9.14e-08  9.722e-11     0.5194          0
  position_x_12            0.0163   4.35e-07  4.114e-10     0.4465          0
  position_x_13            0.0113   1.65e-06  1.664e-09     0.5216          0
  position_x_14           0.01364  7.101e-06  7.175e-09     0.4602          0
  position_x_15           0.01149  2.653e-05  2.671e-08     0.5007          0
  position_x_16              0.01   0.000105  1.029e-07     0.5056          0
  position_x_17          0.009385  0.0004224  4.185e-07     0.5023          0
  position_x_18          0.009809    0.00169  1.655e-06     0.5006          0
  position_x_19         8.553e-05   0.006736  6.599e-06      0.502  0.0007649
  position_y_0             0.0129  2.917e-08  2.725e-11     0.4701          0
  position_y_1            0.01502  1.044e-07  9.083e-11     0.5541          0
  position_y_2            0.01315  4.031e-07  3.605e-10     0.5224          0
  position_y_3             0.0116  1.692e-06  1.653e-09     0.4934          0
  position_y_4            0.01134   7.14e-06  6.853e-09     0.4983          0
  position_y_5            0.01018  2.789e-05  2.583e-08     0.5092          0
  position_y_6           0.009681  0.0001122  1.069e-07     0.5019          0
  position_y_7            0.01335  0.0004483  4.071e-07     0.5027          0
  position_y_8           0.009387   0.001801  1.666e-06     0.4997          0
  position_y_9           0.000112   0.007185  6.687e-06     0.5003  0.0009779
  position_y_10            0.0134  2.584e-08  2.418e-11     0.5299          0
  position_y_11           0.01466  1.156e-07  1.149e-10     0.4459          0
  position_y_12           0.01697  4.769e-07  4.624e-10     0.4776          0
  position_y_13           0.01271  1.828e-06  1.639e-09     0.5066          0
  position_y_14           0.01123  6.941e-06  6.314e-09     0.5017          0
  position_y_15           0.01224  2.843e-05  2.683e-08     0.4908          0
  position_y_16           0.01139  0.0001131  1.037e-07     0.4981          0
  position_y_17          0.009745  0.0004527  4.356e-07     0.4973          0
  position_y_18          0.009432   0.001801  1.705e-06     0.5003          0
  position_y_19         8.857e-05   0.007187  6.795e-06     0.4997  0.0009779
  velocity_0             0.007119    0.01898    0.01898      9.629    0.02099
  velocity_1             0.002396    0.01854    0.01854      10.23    0.01619
  attitude_0             0.003022   0.004587    0.01445     0.5141          0
  attitude_1              0.01211    0.01817    0.05581     0.4907          0
  attitude_2              0.01617    0.06834      0.192     0.4928          0
  attitude_3             0.001952     0.2138     0.4742     0.4997   0.002118
  attitude_4             0.004438   0.004694    0.01468     0.4859          0
  attitude_5              0.01011    0.01824    0.05603     0.5093          0
  attitude_6              0.01704     0.0674     0.1923     0.5072          0
  attitude_7             0.001424     0.2122     0.4746     0.5003   0.002118
  angular_velocity_0    0.0006184      1.005      1.005      1.504  0.0007427
  shield_delay_0         0.007476   0.007602   0.007602      1.055   0.009668
  health_0              0.0002944  0.0001221  0.0001221     0.4565  0.0009432
  power_0               3.377e-05  5.495e-05  5.495e-05    0.01866  0.0001248
  cooldown_0              0.07001    0.04877    0.04877    0.07132     0.0834
  local_log_index_0     0.0001148  0.0001922  0.0001922     0.2953  0.0003321

### enemy_visible
  dim                        head   identity     linear    label^2    sigma^2
  position_x_0            0.01261  2.048e-08  1.634e-11      0.493          0
  position_x_1           0.009945  8.073e-08  6.426e-11     0.4774          0
  position_x_2            0.01025  2.742e-07  2.327e-10     0.5784          0
  position_x_3           0.008397  1.302e-06  1.087e-09     0.4745          0
  position_x_4           0.008216   5.44e-06  4.341e-09     0.5007          0
  position_x_5           0.007499  2.094e-05  1.678e-08     0.5057          0
  position_x_6           0.007299  8.418e-05  6.671e-08     0.4964          0
  position_x_7           0.008025  0.0003362  2.775e-07     0.4986          0
  position_x_8           0.007785   0.001339  1.086e-06     0.4993          0
  position_x_9          0.0002748   0.005338  4.313e-06     0.4992   0.001604
  position_x_10          0.007749  2.033e-08   1.68e-11      0.507          0
  position_x_11           0.00977   8.25e-08  6.831e-11     0.5226          0
  position_x_12            0.0135  3.788e-07  2.975e-10     0.4216          0
  position_x_13          0.008015   1.31e-06  1.034e-09     0.5255          0
  position_x_14          0.009543  5.007e-06  4.143e-09     0.4993          0
  position_x_15           0.00864  2.085e-05  1.716e-08     0.4943          0
  position_x_16          0.007249  8.297e-05  6.904e-08     0.5036          0
  position_x_17          0.006804  0.0003322  2.655e-07     0.5014          0
  position_x_18          0.006827   0.001334  1.086e-06     0.5007          0
  position_x_19         0.0002423   0.005334  4.375e-06     0.5008   0.001604
  position_y_0           0.008466  2.051e-08   1.84e-11     0.4668          0
  position_y_1           0.009705  6.869e-08  6.851e-11      0.561          0
  position_y_2            0.01108  3.032e-07  2.431e-10     0.5126          0
  position_y_3           0.009235  1.213e-06  9.889e-10      0.492          0
  position_y_4           0.008153  4.793e-06  4.542e-09     0.5104          0
  position_y_5           0.008068  1.935e-05  1.795e-08      0.511          0
  position_y_6           0.007666   7.84e-05  6.976e-08     0.5056          0
  position_y_7            0.01066  0.0003167  2.822e-07     0.5012          0
  position_y_8           0.007275   0.001263   1.14e-06     0.4973          0
  position_y_9          0.0002742   0.005032  4.527e-06     0.4987   0.002043
  position_y_10           0.00812  1.801e-08  1.604e-11     0.5332          0
  position_y_11           0.01223  8.539e-08  6.926e-11      0.439          0
  position_y_12           0.01375  3.131e-07  3.079e-10     0.4874          0
  position_y_13           0.01063  1.253e-06  1.215e-09      0.508          0
  position_y_14          0.008147  5.068e-06  4.275e-09     0.4896          0
  position_y_15           0.01252  2.009e-05  1.732e-08      0.489          0
  position_y_16          0.008659  7.938e-05   7.13e-08     0.4944          0
  position_y_17          0.007151  0.0003144   2.82e-07     0.4988          0
  position_y_18          0.007594    0.00126  1.117e-06     0.5027          0
  position_y_19         0.0002623   0.005043  4.501e-06     0.5013   0.002043
  velocity_0              0.01834    0.01719    0.01719       9.55    0.06077
  velocity_1              0.01642    0.01782    0.01782      9.064    0.04219
  attitude_0             0.007106   0.005966    0.01924     0.4883          0
  attitude_1              0.02554    0.02305     0.0729     0.4958          0
  attitude_2              0.07827    0.08601     0.2484     0.4958          0
  attitude_3               0.1964     0.2614     0.5907     0.5011     0.1762
  attitude_4             0.008467   0.005891    0.01904     0.5117          0
  attitude_5               0.0264    0.02329     0.0735     0.5042          0
  attitude_6              0.07866    0.08498     0.2481     0.5042          0
  attitude_7                0.197     0.2607     0.5922     0.4989     0.1762
  angular_velocity_0        0.823      1.138      1.138      1.853     0.6811
  shield_delay_0          0.01196    0.01217    0.01217      1.224    0.03801
  health_0              0.0003683  0.0002015  0.0002015     0.5361   0.001623
  power_0               0.0001234  5.838e-05  5.838e-05    0.01926  0.0002834
  cooldown_0                0.111    0.07653    0.07653     0.1138     0.1389
  local_log_index_0     0.0002736    0.00013    0.00013     0.3103  0.0006928

### enemy_hidden
  dim                        head   identity     linear    label^2    sigma^2
  position_x_0            0.01535   0.001164   0.001164     0.5133          0
  position_x_1              0.016   0.004293   0.004293     0.5126          0
  position_x_2             0.0309    0.01744    0.01743      0.558          0
  position_x_3             0.0957    0.08319    0.08316     0.4652          0
  position_x_4             0.2385     0.2552     0.2552     0.4821          0
  position_x_5              0.362     0.4913     0.4916     0.5146          0
  position_x_6             0.4228     0.6959     0.6957     0.4882          0
  position_x_7             0.4899     0.8791     0.8793     0.4983          0
  position_x_8             0.4904     0.8587     0.8589     0.4978          0
  position_x_9             0.4396     0.8983     0.8975     0.4988     0.4426
  position_x_10          0.008622    0.00128    0.00128     0.4867          0
  position_x_11           0.01114   0.005451    0.00545     0.4874          0
  position_x_12            0.0805    0.02104    0.02104      0.442          0
  position_x_13            0.0717    0.06305    0.06306     0.5348          0
  position_x_14            0.2396     0.2265     0.2265     0.5179          0
  position_x_15            0.3833     0.5537     0.5534     0.4854          0
  position_x_16            0.4527     0.7173     0.7175     0.5118          0
  position_x_17            0.4827     0.8583     0.8585     0.5017          0
  position_x_18            0.4781     0.9754     0.9748     0.5022          0
  position_x_19            0.4474     0.8261     0.8267     0.5012     0.4426
  position_y_0            0.01042  0.0009495  0.0009487     0.4697          0
  position_y_1            0.02161   0.003453   0.003451     0.5425          0
  position_y_2            0.02772    0.01342    0.01341     0.5304          0
  position_y_3            0.06743    0.05863    0.05859     0.5008          0
  position_y_4             0.2034     0.1836     0.1835     0.5127          0
  position_y_5             0.3463     0.4768     0.4764     0.4855          0
  position_y_6             0.4387      0.709     0.7088     0.4953          0
  position_y_7             0.5099      1.005      1.004     0.4985          0
  position_y_8             0.4843     0.9171     0.9163     0.4965          0
  position_y_9              0.454     0.8402      0.843     0.5008     0.5688
  position_y_10          0.008163  0.0009499  0.0009492     0.5303          0
  position_y_11           0.01246   0.004122   0.004119     0.4575          0
  position_y_12           0.03524    0.01654    0.01653     0.4696          0
  position_y_13            0.0742    0.05592    0.05587     0.4992          0
  position_y_14            0.2075     0.2027     0.2025     0.4873          0
  position_y_15            0.3277     0.4278     0.4276     0.5145          0
  position_y_16            0.4959     0.7003     0.6996     0.5047          0
  position_y_17            0.4819     0.7989     0.7992     0.5015          0
  position_y_18            0.5132     0.9072     0.9077     0.5035          0
  position_y_19            0.4333     0.8934     0.8897     0.4992     0.5688
  velocity_0                7.961      7.924      7.924      11.02      5.513
  velocity_1                4.944      4.925      4.925      10.58      2.795
  attitude_0                0.235     0.3294     0.3344     0.4904          0
  attitude_1               0.5927     0.8925     0.9094     0.4833          0
  attitude_2               0.5411     0.9585     0.9636     0.4836          0
  attitude_3               0.4961      1.006      1.009     0.4969     0.4817
  attitude_4               0.3607     0.4255     0.4331     0.5096          0
  attitude_5               0.4817     0.7074     0.7089     0.5167          0
  attitude_6               0.5618      1.035      1.042     0.5164          0
  attitude_7               0.5039      0.984     0.9867     0.5031     0.4817
  angular_velocity_0        1.311      1.302      1.302      1.022     0.7969
  shield_delay_0          0.03085    0.03029    0.03029     0.7939    0.04057
  health_0               0.003315   0.003192   0.003192     0.3332   0.005875
  power_0                 0.01284    0.01315    0.01315    0.01972   0.005758
  cooldown_0             0.008341   0.008359   0.008359   0.008534    0.02173
  local_log_index_0        0.1589     0.1587     0.1587      0.318     0.1096

### ally_hidden
  dim                        head   identity     linear    label^2    sigma^2
  position_x_0                  0          0          0          0          0
  position_x_1                  0          0          0          0          0
  position_x_2                  0          0          0          0          0
  position_x_3                  0          0          0          0          0
  position_x_4                  0          0          0          0          0
  position_x_5                  0          0          0          0          0
  position_x_6                  0          0          0          0          0
  position_x_7                  0          0          0          0          0
  position_x_8                  0          0          0          0          0
  position_x_9                  0          0          0          0          0
  position_x_10                 0          0          0          0          0
  position_x_11                 0          0          0          0          0
  position_x_12                 0          0          0          0          0
  position_x_13                 0          0          0          0          0
  position_x_14                 0          0          0          0          0
  position_x_15                 0          0          0          0          0
  position_x_16                 0          0          0          0          0
  position_x_17                 0          0          0          0          0
  position_x_18                 0          0          0          0          0
  position_x_19                 0          0          0          0          0
  position_y_0                  0          0          0          0          0
  position_y_1                  0          0          0          0          0
  position_y_2                  0          0          0          0          0
  position_y_3                  0          0          0          0          0
  position_y_4                  0          0          0          0          0
  position_y_5                  0          0          0          0          0
  position_y_6                  0          0          0          0          0
  position_y_7                  0          0          0          0          0
  position_y_8                  0          0          0          0          0
  position_y_9                  0          0          0          0          0
  position_y_10                 0          0          0          0          0
  position_y_11                 0          0          0          0          0
  position_y_12                 0          0          0          0          0
  position_y_13                 0          0          0          0          0
  position_y_14                 0          0          0          0          0
  position_y_15                 0          0          0          0          0
  position_y_16                 0          0          0          0          0
  position_y_17                 0          0          0          0          0
  position_y_18                 0          0          0          0          0
  position_y_19                 0          0          0          0          0
  velocity_0                    0          0          0          0          0
  velocity_1                    0          0          0          0          0
  attitude_0                    0          0          0          0          0
  attitude_1                    0          0          0          0          0
  attitude_2                    0          0          0          0          0
  attitude_3                    0          0          0          0          0
  attitude_4                    0          0          0          0          0
  attitude_5                    0          0          0          0          0
  attitude_6                    0          0          0          0          0
  attitude_7                    0          0          0          0          0
  angular_velocity_0            0          0          0          0          0
  shield_delay_0                0          0          0          0          0
  health_0                      0          0          0          0          0
  power_0                       0          0          0          0          0
  cooldown_0                    0          0          0          0          0
  local_log_index_0             0          0          0          0          0

### ally_visible_anyalive
  dim                        head   identity     linear    label^2    sigma^2
  position_x_0             0.0143  7.243e-06  7.224e-06      0.505          0
  position_x_1             0.0142  3.458e-05  3.449e-05     0.4806          0
  position_x_2            0.01295  0.0001075  0.0001072     0.5535          0
  position_x_3            0.01246  0.0004293  0.0004279     0.4784          0
  position_x_4            0.01231  0.0009604  0.0009547     0.5398          0
  position_x_5            0.01163   0.001264   0.001237     0.4993          0
  position_x_6            0.01123   0.001251   0.001145     0.4944          0
  position_x_7            0.01128   0.001629   0.001209     0.4977          0
  position_x_8            0.01083     0.0029   0.001217     0.4994          0
  position_x_9           0.001171   0.007884    0.00116     0.4979  0.0008845
  position_x_10           0.01252  7.812e-06  7.791e-06      0.495          0
  position_x_11           0.01406   2.53e-05  2.523e-05     0.5194          0
  position_x_12           0.01641  0.0001266  0.0001263     0.4465          0
  position_x_13           0.01168   0.000426  0.0004246     0.5216          0
  position_x_14           0.01489   0.001421   0.001415     0.4602          0
  position_x_15           0.01255     0.0013   0.001273     0.5007          0
  position_x_16            0.0111   0.001376   0.001271     0.5056          0
  position_x_17           0.01033   0.001559   0.001138     0.5023          0
  position_x_18           0.01074   0.002796   0.001112     0.5006          0
  position_x_19          0.001172   0.007945   0.001226     0.5021  0.0008845
  position_y_0            0.01296  8.854e-06  8.833e-06     0.4701          0
  position_y_1            0.01508  3.331e-05  3.324e-05     0.5541          0
  position_y_2            0.01325  0.0001191  0.0001188     0.5224          0
  position_y_3            0.01197  0.0004405  0.0004392     0.4934          0
  position_y_4            0.01243   0.001304   0.001297     0.4983          0
  position_y_5            0.01125   0.001325   0.001296     0.5092          0
  position_y_6            0.01067   0.001257   0.001145     0.5019          0
  position_y_7            0.01428   0.001587   0.001139     0.5027          0
  position_y_8            0.01042   0.003034   0.001238     0.4997          0
  position_y_9           0.001102   0.008286   0.001116     0.5003   0.001134
  position_y_10           0.01346  7.779e-06   7.76e-06     0.5299          0
  position_y_11           0.01472  3.282e-05  3.273e-05     0.4459          0
  position_y_12            0.0171  0.0001392  0.0001389     0.4776          0
  position_y_13           0.01313  0.0004982  0.0004967     0.5066          0
  position_y_14            0.0123   0.001255   0.001249     0.5017          0
  position_y_15            0.0132   0.001194   0.001165     0.4908          0
  position_y_16           0.01243   0.001373   0.001261     0.4981          0
  position_y_17           0.01075   0.001666   0.001215     0.4973          0
  position_y_18           0.01038   0.002932   0.001134     0.5003          0
  position_y_19          0.001143   0.008359   0.001186     0.4997   0.001134
  velocity_0              0.01942    0.03322    0.03322      9.624    0.02418
  velocity_1              0.01485    0.03269    0.03269      10.23    0.01832
  attitude_0             0.003881   0.005523    0.01541     0.5141          0
  attitude_1              0.01302    0.01929    0.05689     0.4906          0
  attitude_2              0.01706    0.06939     0.1929     0.4928          0
  attitude_3             0.002898     0.2147     0.4748     0.4996   0.002223
  attitude_4             0.005249   0.005635    0.01564     0.4859          0
  attitude_5              0.01105    0.01934    0.05709     0.5094          0
  attitude_6              0.01805    0.06854     0.1933     0.5072          0
  attitude_7             0.002469     0.2132     0.4753     0.5004   0.002223
  angular_velocity_0     0.002233      1.006      1.006      1.502  0.0008262
  shield_delay_0         0.007502   0.007631   0.007631      1.058    0.00966
  health_0              0.0003101  0.0001482  0.0001482      0.456  0.0009558
  power_0               0.0001337  0.0001854  0.0001854    0.01882  0.0001378
  cooldown_0              0.06993    0.04878    0.04878    0.07124    0.08337
  local_log_index_0     0.0007537  0.0009278  0.0009278     0.2952  0.0003751

### enemy_visible_anyalive
  dim                        head   identity     linear    label^2    sigma^2
  position_x_0            0.01265  1.354e-05  1.353e-05      0.493          0
  position_x_1            0.01003  5.227e-05  5.223e-05     0.4775          0
  position_x_2            0.01041  0.0001855  0.0001854     0.5784          0
  position_x_3           0.009057  0.0007916  0.0007906     0.4745          0
  position_x_4            0.01019   0.002471   0.002466     0.5007          0
  position_x_5           0.009473   0.002497   0.002474     0.5057          0
  position_x_6           0.008912   0.002169   0.002086     0.4963          0
  position_x_7           0.009668   0.002415   0.002079     0.4986          0
  position_x_8           0.009247   0.003257   0.001918     0.4993          0
  position_x_9            0.00198   0.007336   0.002014     0.4992   0.001827
  position_x_10          0.007822  1.372e-05  1.371e-05      0.507          0
  position_x_11          0.009843  5.614e-05   5.61e-05     0.5225          0
  position_x_12           0.01371  0.0002385  0.0002382     0.4216          0
  position_x_13          0.008664  0.0007571  0.0007565     0.5255          0
  position_x_14           0.01101   0.001836   0.001832     0.4993          0
  position_x_15           0.01015   0.001919   0.001898     0.4943          0
  position_x_16          0.009027   0.002275   0.002191     0.5037          0
  position_x_17          0.008356   0.002287   0.001953     0.5014          0
  position_x_18          0.008572   0.003424   0.002089     0.5007          0
  position_x_19          0.002026    0.00745    0.00213     0.5008   0.001827
  position_y_0           0.008526  1.369e-05  1.368e-05     0.4668          0
  position_y_1           0.009775  4.313e-05   4.31e-05     0.5609          0
  position_y_2            0.01126  0.0001879  0.0001878     0.5126          0
  position_y_3           0.009818  0.0006893  0.0006887     0.4921          0
  position_y_4           0.009567   0.001807   0.001804     0.5103          0
  position_y_5           0.009981   0.002448   0.002428      0.511          0
  position_y_6           0.009315   0.002142   0.002063     0.5056          0
  position_y_7            0.01227   0.002364   0.002047     0.5012          0
  position_y_8           0.008809   0.003241   0.001982     0.4973          0
  position_y_9           0.002026   0.007108    0.00208     0.4988   0.002329
  position_y_10          0.008181  1.193e-05  1.192e-05     0.5332          0
  position_y_11           0.01231  5.875e-05  5.872e-05     0.4391          0
  position_y_12           0.01392  0.0002106  0.0002105     0.4874          0
  position_y_13           0.01123  0.0007692  0.0007684     0.5079          0
  position_y_14          0.009962   0.002284    0.00228     0.4897          0
  position_y_15           0.01414   0.002052   0.002031      0.489          0
  position_y_16           0.01034   0.002123   0.002043     0.4944          0
  position_y_17          0.008647   0.002206   0.001893     0.4988          0
  position_y_18          0.009203   0.003245   0.001988     0.5027          0
  position_y_19          0.001979    0.00708   0.002056     0.5012   0.002329
  velocity_0              0.04004    0.04386    0.04386      9.544    0.06639
  velocity_1               0.0353    0.04148    0.04148      9.057    0.04535
  attitude_0             0.008424   0.007535    0.02084     0.4883          0
  attitude_1              0.02709    0.02502    0.07478     0.4957          0
  attitude_2              0.07959    0.08781     0.2499     0.4958          0
  attitude_3               0.1974     0.2628     0.5915     0.5011     0.1764
  attitude_4             0.009877   0.007617    0.02079     0.5117          0
  attitude_5                0.028    0.02526    0.07538     0.5043          0
  attitude_6              0.08007    0.08691     0.2497     0.5042          0
  attitude_7                0.198     0.2622      0.593     0.4989     0.1764
  angular_velocity_0       0.8219       1.14       1.14      1.849     0.6819
  shield_delay_0          0.01198     0.0122     0.0122      1.228    0.03794
  health_0              0.0003876  0.0002463  0.0002463     0.5351   0.001644
  power_0               0.0002704  0.0002795  0.0002795    0.01954  0.0003175
  cooldown_0               0.1108     0.0765     0.0765     0.1136     0.1387
  local_log_index_0      0.001179   0.001231   0.001231     0.3103  0.0007811

### enemy_hidden_anyalive
  dim                        head   identity     linear    label^2    sigma^2
  position_x_0            0.01535   0.001164   0.001164     0.5133          0
  position_x_1              0.016   0.004293   0.004294     0.5126          0
  position_x_2             0.0309    0.01744    0.01744      0.558          0
  position_x_3             0.0957    0.08319    0.08316     0.4652          0
  position_x_4             0.2385     0.2553     0.2552     0.4821          0
  position_x_5              0.362     0.4913     0.4916     0.5146          0
  position_x_6             0.4228     0.6959     0.6957     0.4882          0
  position_x_7             0.4899     0.8791     0.8793     0.4983          0
  position_x_8             0.4904     0.8587     0.8589     0.4978          0
  position_x_9             0.4396     0.8983     0.8975     0.4988     0.4426
  position_x_10          0.008623    0.00128    0.00128     0.4867          0
  position_x_11           0.01115   0.005453   0.005451     0.4874          0
  position_x_12           0.08051    0.02104    0.02104      0.442          0
  position_x_13           0.07171    0.06307    0.06307     0.5348          0
  position_x_14            0.2396     0.2265     0.2265     0.5179          0
  position_x_15            0.3833     0.5537     0.5534     0.4854          0
  position_x_16            0.4528     0.7174     0.7175     0.5118          0
  position_x_17            0.4827     0.8583     0.8585     0.5017          0
  position_x_18            0.4781     0.9754     0.9748     0.5022          0
  position_x_19            0.4475     0.8261     0.8267     0.5012     0.4426
  position_y_0            0.01042  0.0009495  0.0009487     0.4697          0
  position_y_1            0.02161   0.003454   0.003451     0.5425          0
  position_y_2            0.02772    0.01342    0.01341     0.5304          0
  position_y_3            0.06744    0.05863     0.0586     0.5008          0
  position_y_4             0.2035     0.1836     0.1835     0.5127          0
  position_y_5             0.3463     0.4769     0.4764     0.4855          0
  position_y_6             0.4387      0.709     0.7088     0.4953          0
  position_y_7             0.5099      1.005      1.004     0.4985          0
  position_y_8             0.4843     0.9171     0.9163     0.4965          0
  position_y_9              0.454     0.8402      0.843     0.5008     0.5688
  position_y_10          0.008163  0.0009499  0.0009492     0.5303          0
  position_y_11           0.01246   0.004123   0.004119     0.4575          0
  position_y_12           0.03524    0.01654    0.01653     0.4696          0
  position_y_13            0.0742    0.05592    0.05588     0.4992          0
  position_y_14            0.2076     0.2027     0.2025     0.4873          0
  position_y_15            0.3277     0.4278     0.4276     0.5145          0
  position_y_16            0.4959     0.7003     0.6996     0.5047          0
  position_y_17            0.4819     0.7989     0.7992     0.5015          0
  position_y_18            0.5132     0.9073     0.9077     0.5035          0
  position_y_19            0.4333     0.8934     0.8897     0.4992     0.5688
  velocity_0                7.961      7.924      7.924      11.02      5.513
  velocity_1                4.945      4.925      4.925      10.58      2.795
  attitude_0                0.235     0.3294     0.3344     0.4904          0
  attitude_1               0.5927     0.8925     0.9094     0.4833          0
  attitude_2               0.5411     0.9585     0.9636     0.4836          0
  attitude_3               0.4961      1.006      1.009     0.4969     0.4817
  attitude_4               0.3607     0.4255     0.4331     0.5096          0
  attitude_5               0.4817     0.7074     0.7089     0.5167          0
  attitude_6               0.5618      1.035      1.042     0.5164          0
  attitude_7               0.5039      0.984     0.9867     0.5031     0.4817
  angular_velocity_0        1.311      1.302      1.302      1.022      0.797
  shield_delay_0          0.03085    0.03029    0.03029      0.794    0.04057
  health_0               0.003316   0.003192   0.003192     0.3332   0.005876
  power_0                 0.01285    0.01315    0.01315    0.01972   0.005757
  cooldown_0             0.008341   0.008358   0.008358   0.008534    0.02173
  local_log_index_0        0.1589     0.1587     0.1587      0.318     0.1096

## resultant length of predicted moments (1.0 = fully confident, 0 = uniform)

### ally_visible
  head_pos_x      0.948  0.947  0.962  0.957  0.962  0.962  0.962  0.965  0.971  1.000
  head_pos_y      0.944  0.951  0.962  0.956  0.957  0.962  0.963  0.963  0.968  1.000
  belief_pos_x    1.000  1.000  1.000  1.000  1.000  1.000  1.000  1.000  1.000  1.000
  head_att        0.988  0.970  0.966  0.997
  belief_att      1.000  1.000  1.000  1.000

### enemy_visible
  head_pos_x      0.984  0.980  0.979  0.974  0.979  0.976  0.979  0.983  0.985  0.999
  head_pos_y      0.987  0.986  0.979  0.973  0.981  0.982  0.974  0.980  0.976  0.999
  belief_pos_x    1.000  1.000  1.000  1.000  1.000  1.000  1.000  1.000  1.000  1.000
  head_att        0.985  0.983  0.896  0.796
  belief_att      1.000  1.000  1.000  1.000

### enemy_hidden
  head_pos_x      0.988  0.974  0.939  0.910  0.820  0.580  0.415  0.216  0.204  0.247
  head_pos_y      0.980  0.988  0.960  0.901  0.804  0.607  0.420  0.208  0.292  0.257
  belief_pos_x    1.000  1.000  1.000  1.000  1.000  1.000  1.000  1.000  1.000  1.000
  head_att        0.750  0.611  0.349  0.113
  belief_att      1.000  1.000  1.000  1.000

### ally_hidden
  head_pos_x      0.000  0.000  0.000  0.000  0.000  0.000  0.000  0.000  0.000  0.000
  head_pos_y      0.000  0.000  0.000  0.000  0.000  0.000  0.000  0.000  0.000  0.000
  belief_pos_x    0.000  0.000  0.000  0.000  0.000  0.000  0.000  0.000  0.000  0.000
  head_att        0.000  0.000  0.000  0.000
  belief_att      0.000  0.000  0.000  0.000

### ally_visible_anyalive
  head_pos_x      0.947  0.947  0.962  0.957  0.962  0.962  0.962  0.965  0.971  1.000
  head_pos_y      0.943  0.950  0.962  0.956  0.957  0.962  0.963  0.963  0.968  1.000
  belief_pos_x    1.000  1.000  1.000  1.000  1.000  1.000  1.000  1.000  1.000  1.000
  head_att        0.988  0.969  0.966  0.997
  belief_att      1.000  1.000  1.000  1.000

### enemy_visible_anyalive
  head_pos_x      0.983  0.980  0.979  0.974  0.979  0.975  0.978  0.982  0.984  0.999
  head_pos_y      0.987  0.985  0.979  0.973  0.981  0.981  0.974  0.980  0.976  0.999
  belief_pos_x    1.000  1.000  1.000  1.000  1.000  1.000  1.000  1.000  1.000  1.000
  head_att        0.984  0.982  0.896  0.795
  belief_att      1.000  1.000  1.000  1.000

### enemy_hidden_anyalive
  head_pos_x      0.988  0.974  0.939  0.910  0.820  0.580  0.415  0.216  0.204  0.247
  head_pos_y      0.980  0.988  0.960  0.901  0.804  0.607  0.420  0.208  0.292  0.257
  belief_pos_x    1.000  1.000  1.000  1.000  1.000  1.000  1.000  1.000  1.000  1.000
  head_att        0.750  0.611  0.349  0.113
  belief_att      1.000  1.000  1.000  1.000

## position error percentiles (px)
  ally_visible/head/position_px                n= 400,000 p50=     0.169 p90=     0.315 p99=     0.530
  ally_visible/identity/position_px            n= 400,000 p50=     3.074 p90=     4.625 p99=     7.414
  ally_visible/linear/position_px              n= 400,000 p50=     0.035 p90=     0.148 p99=     0.424
  ally_visible_anyalive/head/position_px       n= 400,000 p50=     0.170 p90=     0.316 p99=     0.548
  ally_visible_anyalive/identity/position_px   n= 400,000 p50=     3.076 p90=     4.629 p99=     7.520
  ally_visible_anyalive/linear/position_px     n= 400,000 p50=     0.035 p90=     0.149 p99=     0.442
  enemy_hidden/head/position_px                n= 400,000 p50=   401.000 p90=  1148.000 p99=  1927.000
  enemy_hidden/identity/position_px            n= 400,000 p50=   397.750 p90=  1144.000 p99=  1924.000
  enemy_hidden/linear/position_px              n= 400,000 p50=   397.500 p90=  1144.000 p99=  1924.000
  enemy_hidden_anyalive/head/position_px       n= 400,000 p50=   401.000 p90=  1148.000 p99=  1927.000
  enemy_hidden_anyalive/identity/position_px   n= 400,000 p50=   397.750 p90=  1144.000 p99=  1924.000
  enemy_hidden_anyalive/linear/position_px     n= 400,000 p50=   397.500 p90=  1144.000 p99=  1924.000
  enemy_visible/head/position_px               n= 400,000 p50=     0.176 p90=     0.324 p99=     0.761
  enemy_visible/identity/position_px           n= 400,000 p50=     2.609 p90=     4.406 p99=     6.020
  enemy_visible/linear/position_px             n= 400,000 p50=     0.035 p90=     0.136 p99=     0.327
  enemy_visible_anyalive/head/position_px      n= 400,000 p50=     0.176 p90=     0.326 p99=     0.917
  enemy_visible_anyalive/identity/position_px  n= 400,000 p50=     2.615 p90=     4.410 p99=     6.188
  enemy_visible_anyalive/linear/position_px    n= 400,000 p50=     0.035 p90=     0.137 p99=     0.357
